10
10
10
8.741342967604787
4.469134824465323
-0.03431374043890084
-4.155053011234016
-8.031922580659428
-10
-10
-7.250630166358311
-5.122273753764525
-0.39712540398945717
4.12703343703878
6.631475371177891
10
10
7.819749905721267
5.396246080898843
0.18959463071566685
-3.2593598613986305
-6.822841729002169
-10
-9.955491736714619
-7.995199430364295
-6.032766238462701
-2.1292101539172155
3.000685988314607
6.734759092506603
9.745061744150338
9.00504775616957
8.550191472223284
5.749914832995092
1.2359024323548766
-3.7053590968524137
-6.662466119336407
-9.723838668849407
-10
-9.156728066471755
-6.410702818975705
-2.009632970291159
2.2383346242245805
7.233313688276548
9.371638641714135
9.532128932190998
8.477590285664157
6.701261061335521
1.7384652462813324
-2.0099078479768924
-5.911564215223352
-8.498736081255263
-9.40190431824688
-10
-5.530273607534336
-2.6587471682092634
1.9613104586266488
5.289604518949839
7.836892539904969
9.53230564002019
9.260654790654588
6.9722656691130105
2.1028500622470743
-0.6362204884953683
-6.082376851755297
-8.721785586093446
-10
-9.345836136196175
-6.081819407768518
-3.186924713329506
1.7095509029069387
5.660280395614707
7.880881680633766
10
9.903855120368172
7.36245260191223
3.9591320807717647
-1.7068468055198593
-5.599009406688928
-7.3257419803938815
-8.945573945090644
-9.859902978574077
-8.14962495515371
-4.124281821729131
0.3644233334010032
5.022960066864496
8.666177748115421
9.299143059927752
9.930787557557174
8.486084008428524
3.215304597716571
0.004446811759332148
-4.984620761052026
-7.655226808444964
-10
-10
-7.399585047673709
-4.857968061324319
-0.12505286763737458
5.246641614505878
6.879330111283658
9.533118527951672
10
7.915363251213531